function [Pop]= auxilio(Pop) ;
P1=[1	1	0	0
1	0	0	0
0	0	1	1
1	1	1	1
1	0	1	0
1	0	0	1
0	0	1	0
0	1	1	0
1	0	1	0
1	1	1	0
1	1	0	1
1	0	1	1
1	0	1	0
0	1	1	1
1	1	1	0
0	1	0	0]' ;

P2=[0	0	0	0
0	0	0	1
0	1	0	0
0	1	1	0
1	1	0	0
0	0	0	0
1	0	0	1
0	1	1	0
0	0	1	1
1	1	1	0
0	0	1	0
1	0	1	1
0	0	0	1
1	1	1	0
0	0	1	0
1	1	1	0]';

P3=[1	0	0	0
1	0	0	0
1	1	1	1
1	1	1	1
1	1	1	0
1	0	0	0
0	0	1	0
0	1	0	1
0	1	0	1
0	1	1	1
0	0	1	0
0	0	0	1
0	1	0	0
1	0	1	1
0	0	0	0
1	1	0	1]';

P4=[0	1	1	1
0	1	1	0
1	0	1	1
0	1	1	0
0	1	0	0
0	1	1	0
1	1	1	1
1	1	0	1
0	0	0	0
0	0	0	1
1	0	1	1
0	0	0	0
0	1	0	1
0	1	1	0
0	1	0	0
0	1	0	0]';

P5=[0	0	1	1
1	0	0	0
1	0	0	1
1	1	1	0
0	1	1	0
0	0	1	1
1	0	1	1
1	1	0	1
0	1	0	0
1	1	0	0
1	0	1	1
0	1	0	0
1	1	0	1
1	0	1	0
0	1	1	1
1	0	1	1]';

P6=[1	1	0	1
1	1	1	0
0	1	0	0
1	0	0	1
0	1	0	1
1	1	1	1
0	0	0	1
1	0	1	0
0	0	1	0
0	0	1	1
1	0	1	0
0	1	0	1
1	0	0	0
1	1	0	1
0	0	0	0
1	1	0	1]';

P7=[0	1	1	0
0	0	0	0
0	1	1	0
1	1	0	1
1	0	1	0
0	1	0	0
1	1	0	1
1	1	1	0
1	0	1	1
1	0	1	1
1	1	0	0
0	0	0	0
1	0	1	0
0	0	1	1
1	0	0	1
1	0	0	0]';

P8=[1	0	1	1
0	0	0	0
1	0	0	1
1	0	0	0
1	0	0	1
0	0	0	1
0	1	0	1
1	0	0	1
0	0	1	1
1	0	1	1
1	0	1	0
0	0	1	0
1	1	1	1
0	0	0	0
0	0	1	1
1	1	1	0]';

P9=[0	0	0	1
0	1	0	1
0	1	0	0
1	1	1	0
0	1	1	0
1	0	1	0
1	1	1	0
0	0	1	0
1	0	1	0
1	0	0	0
1	1	0	0
0	1	0	1
1	1	1	1
0	0	1	0
1	0	1	1
1	1	1	1]';

P10=[1	0	0	1
1	0	0	0
0	0	1	1
0	1	1	1
1	1	1	0
1	0	1	0
0	1	1	1
1	1	1	0
0	0	1	1
0	0	1	1
1	0	1	0
0	1	0	1
0	0	1	0
1	1	1	1
0	0	1	1
0	0	0	1]';

Pop(:,:,1)=P1 ;
Pop(:,:,2)=P2 ;
Pop(:,:,3)=P3 ;
Pop(:,:,4)=P4 ;
Pop(:,:,5)=P5 ;
Pop(:,:,6)=P6 ;
Pop(:,:,7)=P7 ;
Pop(:,:,8)=P8 ;
Pop(:,:,9)=P9 ;
Pop(:,:,10)=P10 ;

return ;